{
 "cells": [
  {
   "cell_type": "markdown",
   "metadata": {},
   "source": [
    "## 1. Environment"
   ]
  },
  {
   "cell_type": "code",
   "execution_count": 9,
   "metadata": {},
   "outputs": [],
   "source": [
    "import numpy as np\n",
    "\n",
    "from copy import copy"
   ]
  },
  {
   "cell_type": "markdown",
   "metadata": {},
   "source": [
    "## 2. Class Define"
   ]
  },
  {
   "cell_type": "code",
   "execution_count": 10,
   "metadata": {},
   "outputs": [],
   "source": [
    "class Env:\n",
    "    def __init__(self):\n",
    "        self._states = set()\n",
    "        self._state = None\n",
    "        self._actions = []\n",
    "        self._gamma = None\n",
    "        \n",
    "    @property\n",
    "    def states(self):\n",
    "        return self._states\n",
    "    \n",
    "    @property\n",
    "    def state_space(self):\n",
    "        return self._state_shape\n",
    "    \n",
    "    @property\n",
    "    def actions(self):\n",
    "        return self._actions\n",
    "    \n",
    "    @property\n",
    "    def action_space(self):\n",
    "        return len(self._actions)\n",
    "    \n",
    "    @property\n",
    "    def gamma(self):\n",
    "        return self._gamma\n",
    "    \n",
    "    def _world_init(self):\n",
    "        raise NotImplementedError\n",
    "        \n",
    "    def reset(self):\n",
    "        raise NotImplementedError\n",
    "    \n",
    "    def step(self, state, action):\n",
    "        \"\"\"Return distribution and next states\"\"\"\n",
    "        raise NotImplementedError\n",
    "        \n",
    "    def set_state(self, state):\n",
    "        self._state = state\n",
    "\n",
    "\n",
    "class MatrixEnv(Env):\n",
    "    def __init__(self, height=4, width=4):\n",
    "        super().__init__()\n",
    "        \n",
    "        self._action_space = 4\n",
    "        self._actions = list(range(4))\n",
    "        \n",
    "        self._state_shape = (2,)\n",
    "        self._state_shape = (height, width)\n",
    "        self._states = [(i, j) for i in range(height) for j in range(width)]\n",
    "        \n",
    "        self._gamma = 0.9\n",
    "        self._height = height\n",
    "        self._width = width\n",
    "\n",
    "        self._world_init()\n",
    "        \n",
    "    @property\n",
    "    def state(self):\n",
    "        return self._state\n",
    "    \n",
    "    @property\n",
    "    def gamma(self):\n",
    "        return self._gamma\n",
    "    \n",
    "    def set_gamma(self, value):\n",
    "        self._gamma = value\n",
    "        \n",
    "    def reset(self):\n",
    "        self._state = self._start_point\n",
    "        \n",
    "    def _world_init(self):\n",
    "        # start_point\n",
    "        self._start_point = (0, 0)\n",
    "        self._end_point = (self._height - 1, self._width - 1)\n",
    "        \n",
    "    def _state_switch(self, act):\n",
    "        # 0: h - 1, 1: w + 1, 2: h + 1, 3: w - 1\n",
    "        if act == 0:  # up\n",
    "            self._state = (max(0, self._state[0] - 1), self._state[1])\n",
    "        elif act == 1:  # right\n",
    "            self._state = (self._state[0], min(self._width - 1, self._state[1] + 1))\n",
    "        elif act == 2:  # down\n",
    "            self._state = (min(self._height - 1, self._state[0] + 1), self._state[1])\n",
    "        elif act == 3:  # left\n",
    "            self._state = (self._state[0], max(0, self._state[1] - 1))\n",
    "\n",
    "    def step(self, act):\n",
    "        assert 0 <= act <= 3\n",
    "        \n",
    "        done = False\n",
    "        reward = 0.\n",
    "\n",
    "        self._state_switch(act)\n",
    "        \n",
    "        if self._state == self._end_point:\n",
    "            reward = 1.\n",
    "            done = True\n",
    "\n",
    "        return None, done, [reward], [self._state]"
   ]
  },
  {
   "cell_type": "code",
   "execution_count": 38,
   "metadata": {},
   "outputs": [],
   "source": [
    "class ValueTable:\n",
    "    def __init__(self, env):\n",
    "        self._shape = env.state_space\n",
    "        self._values = np.zeros(self._shape)\n",
    "        self._lazy_values = np.zeros(self._shape)\n",
    "        \n",
    "    def lazy_update(self, s, value):\n",
    "        self._lazy_values[s] = value\n",
    "    \n",
    "    def finish_lazy(self):\n",
    "        print(self._lazy_values)\n",
    "        self._values = self._lazy_values\n",
    "        self._lazy_values = np.zeros(self._shape)\n",
    "        \n",
    "    def update(self, s, value):\n",
    "        self._values[s] = value\n",
    "        \n",
    "    def get(self, state):\n",
    "        if type(state) == list:\n",
    "            # loop get\n",
    "            res = [self._values[s] for s in state]\n",
    "            return res\n",
    "        elif type(state) == tuple:\n",
    "            # return directly\n",
    "            return self._values[state]"
   ]
  },
  {
   "cell_type": "code",
   "execution_count": 12,
   "metadata": {},
   "outputs": [],
   "source": [
    "from collections import namedtuple\n",
    "\n",
    "\n",
    "Pi = namedtuple('Pi', 'act, prob')\n",
    "\n",
    "\n",
    "class Policies:\n",
    "    def __init__(self, env: Env):\n",
    "        self._actions = env.actions\n",
    "        self._default_policy = [1 / env.action_space] * env.action_space\n",
    "        self._policies = dict.fromkeys(env.states, Pi(self._actions, self._default_policy))\n",
    "    \n",
    "    def sample(self, state):\n",
    "        if self._policies.get(state, None) is None:\n",
    "            self._policies[state] = Pi(self._actions, self._default_policy)\n",
    "\n",
    "        policy = self._policies[state]\n",
    "        return np.random.choice(policy.act, p=policy.prob)\n",
    "    \n",
    "    def retrieve(self, state):\n",
    "        return self._policies[state].prob\n",
    "    \n",
    "    def update(self, state, policy):\n",
    "        self._policies[state] = self._policies[state]._replace(prob=policy)"
   ]
  },
  {
   "cell_type": "markdown",
   "metadata": {},
   "source": [
    "## 3. Iteration Functions Define"
   ]
  },
  {
   "cell_type": "code",
   "execution_count": 64,
   "metadata": {},
   "outputs": [],
   "source": [
    "def policy_eval(env: MatrixEnv, values: ValueTable, policies: Policies, upper_bound: float) -> None:\n",
    "    \n",
    "    ## counter\n",
    "    iter = 0\n",
    "    \n",
    "    delta = upper_bound * 2\n",
    "    \n",
    "    while delta >= upper_bound:\n",
    "        \n",
    "        ## set delta\n",
    "        delta = 0\n",
    "    \n",
    "        for s in env.states:\n",
    "            ## Get v    \n",
    "            v = values.get(s)\n",
    "\n",
    "            ## Get V(s)\n",
    "            env.set_state(s)\n",
    "            probs = policies.retrieve(s)\n",
    "\n",
    "            V_s = 0\n",
    "            for act in env.actions:\n",
    "                env.set_state(s)\n",
    "                _, _, r, states = env.step(act)\n",
    "                # print(f'im strange {states} and reward is {r}')\n",
    "                v_prime = values.get(env.state)\n",
    "                # print(f'im now at {env.state}')\n",
    "\n",
    "                ## Note here my leads to looop\n",
    "\n",
    "                ## Bellman Equation\n",
    "                V_s += probs[act] * (r + env.gamma * v_prime)\n",
    "                \n",
    "            values.lazy_update(s, V_s)\n",
    "\n",
    "            delta = max(delta, abs(v - V_s))\n",
    "            \n",
    "        # print(delta)\n",
    "            \n",
    "        values.finish_lazy()\n",
    "        \n",
    "        iter += 1\n",
    "        \n",
    "        print('\\r> iteration: {} delta: {}'.format(iter, delta), flush=True, end=\"\")\n"
   ]
  },
  {
   "cell_type": "code",
   "execution_count": 25,
   "metadata": {},
   "outputs": [],
   "source": [
    "def policy_improve(env: MatrixEnv, values: ValueTable, policies: Policies) -> bool:\n",
    "    \n",
    "    stable = True\n",
    "    \n",
    "    for s in env.states:\n",
    "        \n",
    "        probs = policies.retrieve(s)\n",
    "        \n",
    "        sums = []\n",
    "        \n",
    "        for act in env.actions:\n",
    "            \n",
    "            env.set_state(s)\n",
    "            _, _, r, states = env.step(act)\n",
    "            \n",
    "            v_prime = values.get(env.state)\n",
    "            \n",
    "            sums.append(probs[act] * (r + env.gamma * v_prime))\n",
    "            \n",
    "        better_act_tmp = env.actions[np.argmax(sums)]\n",
    "        \n",
    "        equal_better_acts = []\n",
    "        \n",
    "        for i in range(env.action_space):\n",
    "            if sums[i] == sums[better_act_tmp]:\n",
    "                equal_better_acts.append(i)\n",
    "        \n",
    "        new_policy = [0] * env.action_space\n",
    "        \n",
    "        for act in equal_better_acts:\n",
    "            new_policy[act] = 1/len(equal_better_acts)\n",
    "        \n",
    "        policies.update(s, new_policy)\n",
    "        \n",
    "        for i in range(len(probs)):\n",
    "            if probs[i] != new_policy[i]:\n",
    "                stable = False\n",
    "                \n",
    "            # print(probs, '~~~', new_policy)\n",
    "            \n",
    "        ## 需要单步调试 看看哪里出问题了\n",
    "        \n",
    "                \n",
    "    return stable\n",
    "    \n",
    "    # pi(s) is an approximate action"
   ]
  },
  {
   "cell_type": "code",
   "execution_count": 15,
   "metadata": {},
   "outputs": [],
   "source": [
    "# probs = policies.retrieve((0, 0))\n",
    "# print(probs)\n",
    "\n",
    "# sums = []\n",
    "        \n",
    "# for act in env.actions:\n",
    "    \n",
    "#     env.set_state(s)\n",
    "#     _, _, r, states = env.step(act)\n",
    "    \n",
    "#     v_prime = values.get(env.state)\n",
    "    \n",
    "#     sums.append(probs[act] * (r + env.gamma * v_prime))\n",
    "    \n",
    "\n",
    "    "
   ]
  },
  {
   "cell_type": "code",
   "execution_count": 57,
   "metadata": {},
   "outputs": [],
   "source": [
    "def value_iter(env: MatrixEnv, values: ValueTable, upper_bound: float) -> None:\n",
    "    \n",
    "    ## counter\n",
    "    iter = 0\n",
    "    \n",
    "    delta = 2 * upper_bound\n",
    "    \n",
    "    while delta >= upper_bound:\n",
    "        \n",
    "        ## set delta\n",
    "        delta = 0\n",
    "    \n",
    "        for s in env.states:\n",
    "            ## Get v    \n",
    "            v = values.get(s)\n",
    "\n",
    "            ## Get V(s)\n",
    "            env.set_state(s)\n",
    "            # probs = policies.retrieve(s)\n",
    "\n",
    "            V_s = 0\n",
    "            \n",
    "            for act in env.actions:\n",
    "                env.set_state(s)\n",
    "                _, _, r, states = env.step(act)\n",
    "                # print(f'im strange {states} and reward is {r}')\n",
    "                v_prime = values.get(env.state)\n",
    "                # print(f'im now at {env.state}')\n",
    "\n",
    "                ## Note here my leads to looop\n",
    "\n",
    "                ## Bellman Equation\n",
    "                V_s = max(V_s, r + env.gamma * v_prime)\n",
    "                \n",
    "            values.lazy_update(s, V_s)\n",
    "\n",
    "            delta = max(delta, abs(v - V_s))\n",
    "            \n",
    "        # print(delta)\n",
    "            \n",
    "        values.finish_lazy()\n",
    "        \n",
    "        iter += 1\n",
    "        \n",
    "        print('\\r> iteration: {} delta: {}'.format(iter, delta), flush=True, end=\"\")\n",
    "    \n"
   ]
  },
  {
   "cell_type": "code",
   "execution_count": 65,
   "metadata": {},
   "outputs": [
    {
     "name": "stdout",
     "output_type": "stream",
     "text": [
      "[[0.   0.   0.   0.   0.   0.   0.   0.  ]\n",
      " [0.   0.   0.   0.   0.   0.   0.   0.  ]\n",
      " [0.   0.   0.   0.   0.   0.   0.   0.  ]\n",
      " [0.   0.   0.   0.   0.   0.   0.   0.  ]\n",
      " [0.   0.   0.   0.   0.   0.   0.   0.  ]\n",
      " [0.   0.   0.   0.   0.   0.   0.   0.  ]\n",
      " [0.   0.   0.   0.   0.   0.   0.   0.25]\n",
      " [0.   0.   0.   0.   0.   0.   0.25 0.5 ]]\n",
      "> iteration: 1 delta: [0.5][[0.      0.      0.      0.      0.      0.      0.      0.     ]\n",
      " [0.      0.      0.      0.      0.      0.      0.      0.     ]\n",
      " [0.      0.      0.      0.      0.      0.      0.      0.     ]\n",
      " [0.      0.      0.      0.      0.      0.      0.      0.     ]\n",
      " [0.      0.      0.      0.      0.      0.      0.      0.     ]\n",
      " [0.      0.      0.      0.      0.      0.      0.      0.05625]\n",
      " [0.      0.      0.      0.      0.      0.      0.1125  0.41875]\n",
      " [0.      0.      0.      0.      0.      0.05625 0.41875 0.8375 ]]\n",
      "> iteration: 2 delta: [0.3375][[0.         0.         0.         0.         0.         0.\n",
      "  0.         0.        ]\n",
      " [0.         0.         0.         0.         0.         0.\n",
      "  0.         0.        ]\n",
      " [0.         0.         0.         0.         0.         0.\n",
      "  0.         0.        ]\n",
      " [0.         0.         0.         0.         0.         0.\n",
      "  0.         0.        ]\n",
      " [0.         0.         0.         0.         0.         0.\n",
      "  0.         0.01265625]\n",
      " [0.         0.         0.         0.         0.         0.\n",
      "  0.03796875 0.106875  ]\n",
      " [0.         0.         0.         0.         0.         0.03796875\n",
      "  0.1884375  0.570625  ]\n",
      " [0.         0.         0.         0.         0.01265625 0.106875\n",
      "  0.570625   1.0653125 ]]\n",
      "> iteration: 3 delta: [0.2278125][[0.         0.         0.         0.         0.         0.\n",
      "  0.         0.        ]\n",
      " [0.         0.         0.         0.         0.         0.\n",
      "  0.         0.        ]\n",
      " [0.         0.         0.         0.         0.         0.\n",
      "  0.         0.        ]\n",
      " [0.         0.         0.         0.         0.         0.\n",
      "  0.         0.00284766]\n",
      " [0.         0.         0.         0.         0.         0.\n",
      "  0.01139063 0.02689453]\n",
      " [0.         0.         0.         0.         0.         0.01708594\n",
      "  0.06644531 0.16382812]\n",
      " [0.         0.         0.         0.         0.01139063 0.06644531\n",
      "  0.27386719 0.68453125]\n",
      " [0.         0.         0.         0.00284766 0.02689453 0.16382812\n",
      "  0.68453125 1.23617188]]\n",
      "> iteration: 4 delta: [0.17085938][[0.00000000e+00 0.00000000e+00 0.00000000e+00 0.00000000e+00\n",
      "  0.00000000e+00 0.00000000e+00 0.00000000e+00 0.00000000e+00]\n",
      " [0.00000000e+00 0.00000000e+00 0.00000000e+00 0.00000000e+00\n",
      "  0.00000000e+00 0.00000000e+00 0.00000000e+00 0.00000000e+00]\n",
      " [0.00000000e+00 0.00000000e+00 0.00000000e+00 0.00000000e+00\n",
      "  0.00000000e+00 0.00000000e+00 0.00000000e+00 6.40722656e-04]\n",
      " [0.00000000e+00 0.00000000e+00 0.00000000e+00 0.00000000e+00\n",
      "  0.00000000e+00 0.00000000e+00 3.20361328e-03 6.69199219e-03]\n",
      " [0.00000000e+00 0.00000000e+00 0.00000000e+00 0.00000000e+00\n",
      "  0.00000000e+00 6.40722656e-03 2.10014648e-02 4.61162109e-02]\n",
      " [0.00000000e+00 0.00000000e+00 0.00000000e+00 0.00000000e+00\n",
      "  6.40722656e-03 2.99003906e-02 1.04888672e-01 2.11882324e-01]\n",
      " [0.00000000e+00 0.00000000e+00 0.00000000e+00 3.20361328e-03\n",
      "  2.10014648e-02 1.04888672e-01 3.37939453e-01 7.80639648e-01]\n",
      " [0.00000000e+00 0.00000000e+00 6.40722656e-04 6.69199219e-03\n",
      "  4.61162109e-02 2.11882324e-01 7.80639648e-01 1.36431641e+00]]\n",
      "> iteration: 5 delta: [0.12814453][[0.00000000e+00 0.00000000e+00 0.00000000e+00 0.00000000e+00\n",
      "  0.00000000e+00 0.00000000e+00 0.00000000e+00 0.00000000e+00]\n",
      " [0.00000000e+00 0.00000000e+00 0.00000000e+00 0.00000000e+00\n",
      "  0.00000000e+00 0.00000000e+00 0.00000000e+00 1.44162598e-04]\n",
      " [0.00000000e+00 0.00000000e+00 0.00000000e+00 0.00000000e+00\n",
      "  0.00000000e+00 0.00000000e+00 8.64975586e-04 1.64986084e-03]\n",
      " [0.00000000e+00 0.00000000e+00 0.00000000e+00 0.00000000e+00\n",
      "  0.00000000e+00 2.16243896e-03 6.23102783e-03 1.27468213e-02]\n",
      " [0.00000000e+00 0.00000000e+00 0.00000000e+00 0.00000000e+00\n",
      "  2.88325195e-03 1.14529175e-02 3.61385376e-02 6.42806982e-02]\n",
      " [0.00000000e+00 0.00000000e+00 0.00000000e+00 2.16243896e-03\n",
      "  1.14529175e-02 5.00831543e-02 1.35162817e-01 2.57293542e-01]\n",
      " [0.00000000e+00 0.00000000e+00 8.64975586e-04 6.23102783e-03\n",
      "  3.61385376e-02 1.35162817e-01 3.98487744e-01 8.56325012e-01]\n",
      " [0.00000000e+00 1.44162598e-04 1.64986084e-03 1.27468213e-02\n",
      "  6.42806982e-02 2.57293542e-01 8.56325012e-01 1.46523022e+00]]\n",
      "> iteration: 6 delta: [0.10091382][[0.00000000e+00 0.00000000e+00 0.00000000e+00 0.00000000e+00\n",
      "  0.00000000e+00 0.00000000e+00 0.00000000e+00 3.24365845e-05]\n",
      " [0.00000000e+00 0.00000000e+00 0.00000000e+00 0.00000000e+00\n",
      "  0.00000000e+00 0.00000000e+00 2.27056091e-04 4.03655273e-04]\n",
      " [0.00000000e+00 0.00000000e+00 0.00000000e+00 0.00000000e+00\n",
      "  0.00000000e+00 6.81168274e-04 1.77319995e-03 3.46630957e-03]\n",
      " [0.00000000e+00 0.00000000e+00 0.00000000e+00 0.00000000e+00\n",
      "  1.13528046e-03 3.97888770e-03 1.16803740e-02 1.91043918e-02]\n",
      " [0.00000000e+00 0.00000000e+00 0.00000000e+00 1.13528046e-03\n",
      "  5.15381287e-03 2.05351611e-02 4.88536787e-02 8.33534099e-02]\n",
      " [0.00000000e+00 0.00000000e+00 6.81168274e-04 3.97888770e-03\n",
      "  2.05351611e-02 6.59770807e-02 1.66950670e-01 2.95438966e-01]\n",
      " [0.00000000e+00 2.27056091e-04 1.77319995e-03 1.16803740e-02\n",
      "  4.88536787e-02 1.66950670e-01 4.46169523e-01 9.19900718e-01]\n",
      " [3.24365845e-05 4.03655273e-04 3.46630957e-03 1.91043918e-02\n",
      "  8.33534099e-02 2.95438966e-01 9.19900718e-01 1.54469986e+00]]\n",
      "> iteration: 7 delta: [0.07946963][[0.00000000e+00 0.00000000e+00 0.00000000e+00 0.00000000e+00\n",
      "  0.00000000e+00 0.00000000e+00 5.83858521e-05 1.05418900e-04]\n",
      " [0.00000000e+00 0.00000000e+00 0.00000000e+00 0.00000000e+00\n",
      "  0.00000000e+00 2.04350482e-04 4.89792426e-04 9.29127942e-04]\n",
      " [0.00000000e+00 0.00000000e+00 0.00000000e+00 0.00000000e+00\n",
      "  4.08700964e-04 1.29421972e-03 3.61235429e-03 5.56820024e-03]\n",
      " [0.00000000e+00 0.00000000e+00 0.00000000e+00 5.10876205e-04\n",
      "  2.05485763e-03 7.65719637e-03 1.65847856e-02 2.64610092e-02]\n",
      " [0.00000000e+00 0.00000000e+00 4.08700964e-04 2.05485763e-03\n",
      "  9.75169872e-03 2.78917785e-02 6.35669134e-02 1.00518850e-01]\n",
      " [0.00000000e+00 2.04350482e-04 1.29421972e-03 7.65719637e-03\n",
      "  2.78917785e-02 8.43686241e-02 1.92698831e-01 3.29769847e-01]\n",
      " [5.83858521e-05 4.89792426e-04 3.61235429e-03 1.65847856e-02\n",
      "  6.35669134e-02 1.92698831e-01 4.89083125e-01 9.71397039e-01]\n",
      " [1.05418900e-04 9.29127942e-04 5.56820024e-03 2.64610092e-02\n",
      "  1.00518850e-01 3.29769847e-01 9.71397039e-01 1.60907026e+00]]\n",
      "> iteration: 8 delta: [0.0643704][[0.00000000e+00 0.00000000e+00 0.00000000e+00 0.00000000e+00\n",
      "  0.00000000e+00 5.91156752e-05 1.47059365e-04 2.69629108e-04]\n",
      " [0.00000000e+00 0.00000000e+00 0.00000000e+00 0.00000000e+00\n",
      "  1.37936575e-04 4.01402733e-04 1.08094918e-03 1.59582139e-03]\n",
      " [0.00000000e+00 0.00000000e+00 0.00000000e+00 2.06904863e-04\n",
      "  7.53542403e-04 2.67358548e-03 5.38582455e-03 8.22840563e-03]\n",
      " [0.00000000e+00 0.00000000e+00 2.06904863e-04 9.24685932e-04\n",
      "  4.12390626e-03 1.07607693e-02 2.27919315e-02 3.35548902e-02]\n",
      " [0.00000000e+00 1.37936575e-04 7.53542403e-04 4.12390626e-03\n",
      "  1.34759863e-02 3.72024973e-02 7.59812052e-02 1.17071239e-01]\n",
      " [5.91156752e-05 4.01402733e-04 2.67358548e-03 1.07607693e-02\n",
      "  3.72024973e-02 9.92657742e-02 2.17527415e-01 3.58736528e-01]\n",
      " [1.47059365e-04 1.08094918e-03 5.38582455e-03 2.27919315e-02\n",
      "  7.59812052e-02 2.17527415e-01 5.23843142e-01 1.01484706e+00]\n",
      " [2.69629108e-04 1.59582139e-03 8.22840563e-03 3.35548902e-02\n",
      "  1.17071239e-01 3.58736528e-01 1.01484706e+00 1.66121028e+00]]\n",
      "> iteration: 9 delta: [0.05214003][[0.00000000e+00 0.00000000e+00 0.00000000e+00 0.00000000e+00\n",
      "  4.43367564e-05 1.36704999e-04 3.50269498e-04 5.13481269e-04]\n",
      " [0.00000000e+00 0.00000000e+00 0.00000000e+00 7.75893237e-05\n",
      "  2.59862656e-04 8.89107053e-04 1.69427431e-03 2.51433119e-03]\n",
      " [0.00000000e+00 0.00000000e+00 9.31071884e-05 3.77601375e-04\n",
      "  1.60702496e-03 3.89284628e-03 7.82434615e-03 1.09721119e-02]\n",
      " [0.00000000e+00 7.75893237e-05 3.77601375e-04 1.94886500e-03\n",
      "  5.83087138e-03 1.50281821e-02 2.82786051e-02 4.08704550e-02]\n",
      " [4.43367564e-05 2.59862656e-04 1.60702496e-03 5.83087138e-03\n",
      "  1.85968816e-02 4.48838404e-02 8.87834436e-02 1.31702369e-01]\n",
      " [1.36704999e-04 8.89107053e-04 3.89284628e-03 1.50281821e-02\n",
      "  4.48838404e-02 1.14628460e-01 2.38010996e-01 3.84341004e-01]\n",
      " [3.50269498e-04 1.69427431e-03 7.82434615e-03 2.82786051e-02\n",
      "  8.87834436e-02 2.38010996e-01 5.54568514e-01 1.05069333e+00]\n",
      " [5.13481269e-04 2.51433119e-03 1.09721119e-02 4.08704550e-02\n",
      "  1.31702369e-01 3.84341004e-01 1.05069333e+00 1.70422581e+00]]\n",
      "> iteration: 10 delta: [0.04301552][[0.00000000e+00 0.00000000e+00 0.00000000e+00 2.74333680e-05\n",
      "  9.92034924e-05 3.19594119e-04 6.06314267e-04 8.75601727e-04]\n",
      " [0.00000000e+00 0.00000000e+00 3.84067152e-05 1.43429407e-04\n",
      "  5.89063072e-04 1.34632985e-03 2.60506213e-03 3.53119470e-03]\n",
      " [0.00000000e+00 3.84067152e-05 1.69920619e-04 8.38481958e-04\n",
      "  2.33126588e-03 5.70344857e-03 1.00885135e-02 1.39907800e-02]\n",
      " [2.74333680e-05 1.43429407e-04 8.38481958e-04 2.79381274e-03\n",
      "  8.36571459e-03 1.86493867e-02 3.43139461e-02 4.76602968e-02]\n",
      " [9.92034924e-05 5.89063072e-04 2.33126588e-03 8.36571459e-03\n",
      "  2.28216203e-02 5.33333177e-02 9.96470574e-02 1.45281886e-01]\n",
      " [3.19594119e-04 1.34632985e-03 5.70344857e-03 1.86493867e-02\n",
      "  5.33333177e-02 1.27302676e-01 2.57022320e-01 4.06068232e-01]\n",
      " [6.06314267e-04 2.60506213e-03 1.00885135e-02 3.43139461e-02\n",
      "  9.96470574e-02 2.57022320e-01 5.79916946e-01 1.08111145e+00]\n",
      " [8.75601727e-04 3.53119470e-03 1.39907800e-02 4.76602968e-02\n",
      "  1.45281886e-01 4.06068232e-01 1.08111145e+00 1.73971361e+00]]\n",
      "> iteration: 11 delta: [0.0354878][[0.00000000e+00 0.00000000e+00 1.48140187e-05 6.07649102e-05\n",
      "  2.32941162e-04 5.33574390e-04 9.91478754e-04 1.32496029e-03]\n",
      " [0.00000000e+00 1.72830219e-05 7.05037558e-05 3.36011650e-04\n",
      "  8.82051442e-04 2.07386277e-03 3.50377926e-03 4.72559367e-03]\n",
      " [1.48140187e-05 7.05037558e-05 3.94599903e-04 1.22364645e-03\n",
      "  3.48675934e-03 7.29348658e-03 1.27379783e-02 1.69359266e-02]\n",
      " [6.07649102e-05 3.36011650e-04 1.22364645e-03 4.14188844e-03\n",
      "  1.04841193e-02 2.28861961e-02 3.96101822e-02 5.42805545e-02]\n",
      " [2.32941162e-04 8.82051442e-04 3.48675934e-03 1.04841193e-02\n",
      "  2.77645645e-02 6.03946667e-02 1.10239081e-01 1.57197931e-01]\n",
      " [5.33574390e-04 2.07386277e-03 7.29348658e-03 2.28861961e-02\n",
      "  6.03946667e-02 1.39660037e-01 2.72910355e-01 4.25133874e-01]\n",
      " [9.91478754e-04 3.50377926e-03 1.27379783e-02 3.96101822e-02\n",
      "  1.10239081e-01 2.72910355e-01 6.02160195e-01 1.10653230e+00]\n",
      " [1.32496029e-03 4.72559367e-03 1.69359266e-02 5.42805545e-02\n",
      "  1.57197931e-01 4.25133874e-01 1.10653230e+00 1.76937128e+00]]\n",
      "> iteration: 12 delta: [0.02965767][[0.00000000e+00 7.22183413e-06 3.28686041e-05 1.45019642e-04\n",
      "  3.84599678e-04 8.62167843e-04 1.42960336e-03 1.88257343e-03]\n",
      " [7.22183413e-06 3.17266901e-05 1.71609434e-04 5.03317475e-04\n",
      "  1.37915436e-03 2.74790063e-03 4.61900553e-03 5.96030846e-03]\n",
      " [3.28686041e-05 1.71609434e-04 5.82367590e-04 1.88083335e-03\n",
      "  4.47374334e-03 9.26657920e-03 1.51522593e-02 1.99530119e-02]\n",
      " [1.45019642e-04 5.03317475e-04 1.88083335e-03 5.26849457e-03\n",
      "  1.31128669e-02 2.65010523e-02 4.50323572e-02 6.03055338e-02]\n",
      " [3.84599678e-04 1.37915436e-03 4.47374334e-03 1.31128669e-02\n",
      "  3.18954537e-02 6.76237226e-02 1.19275455e-01 1.68041574e-01]\n",
      " [8.62167843e-04 2.74790063e-03 9.26657920e-03 2.65010523e-02\n",
      "  6.76237226e-02 1.49987260e-01 2.87368467e-01 4.41399254e-01]\n",
      " [1.42960336e-03 4.61900553e-03 1.51522593e-02 4.50323572e-02\n",
      "  1.19275455e-01 2.87368467e-01 6.20749196e-01 1.12821947e+00]\n",
      " [1.88257343e-03 5.96030846e-03 1.99530119e-02 6.03055338e-02\n",
      "  1.68041574e-01 4.41399254e-01 1.12821947e+00 1.79415661e+00]]\n",
      "> iteration: 13 delta: [0.02478533][[3.24982536e-06 1.61588539e-05 8.02618906e-05 2.39806215e-04\n",
      "  6.23461842e-04 1.22046109e-03 1.97850378e-03 2.50988820e-03]\n",
      " [1.61588539e-05 8.04740705e-05 2.58813081e-04 8.04738777e-04\n",
      "  1.82465125e-03 3.62855406e-03 5.69026614e-03 7.29335235e-03]\n",
      " [8.02618906e-05 2.58813081e-04 9.23599253e-04 2.43628267e-03\n",
      "  5.76887260e-03 1.09968650e-02 1.77459646e-02 2.28085005e-02]\n",
      " [2.39806215e-04 8.04738777e-04 2.43628267e-03 6.74716511e-03\n",
      "  1.53312174e-02 3.03829933e-02 4.97777177e-02 6.59998073e-02]\n",
      " [6.23461842e-04 1.82465125e-03 5.76887260e-03 1.53312174e-02\n",
      "  3.63314653e-02 7.37233248e-02 1.27814877e-01 1.77529909e-01]\n",
      " [1.22046109e-03 3.62855406e-03 1.09968650e-02 3.03829933e-02\n",
      "  7.37233248e-02 1.59746485e-01 2.99567512e-01 4.55631472e-01]\n",
      " [1.97850378e-03 5.69026614e-03 1.77459646e-02 4.97777177e-02\n",
      "  1.27814877e-01 2.99567512e-01 6.37014572e-01 1.14651802e+00]\n",
      " [2.50988820e-03 7.29335235e-03 2.28085005e-02 6.59998073e-02\n",
      "  1.77529909e-01 4.55631472e-01 1.14651802e+00 1.81506924e+00]]\n",
      "> iteration: 14 delta: [0.02091263][[8.73390565e-06 4.05325441e-05 1.33884009e-04 3.93360463e-04\n",
      "  8.79385589e-04 1.67647067e-03 2.56480182e-03 3.21561732e-03]\n",
      " [4.05325441e-05 1.23737371e-04 4.25041648e-04 1.07089947e-03\n",
      "  2.43576614e-03 4.43975478e-03 6.89543433e-03 8.61795163e-03]\n",
      " [1.33884009e-04 4.25041648e-04 1.21279309e-03 3.20498454e-03\n",
      "  6.88252867e-03 1.29434365e-02 2.00865036e-02 2.56157156e-02]\n",
      " [3.93360463e-04 1.07089947e-03 3.20498454e-03 7.99537502e-03\n",
      "  1.78268617e-02 3.37115531e-02 5.44373196e-02 7.11260853e-02]\n",
      " [8.79385589e-04 2.43576614e-03 6.88252867e-03 1.78268617e-02\n",
      "  4.00745440e-02 7.97120598e-02 1.35134654e-01 1.86069615e-01]\n",
      " [1.67647067e-03 4.43975478e-03 1.29434365e-02 3.37115531e-02\n",
      "  7.97120598e-02 1.67980877e-01 3.10546667e-01 4.67830555e-01]\n",
      " [2.56480182e-03 6.89543433e-03 2.00865036e-02 5.44373196e-02\n",
      "  1.35134654e-01 3.10546667e-01 6.50738489e-01 1.16220249e+00]\n",
      " [3.21561732e-03 8.61795163e-03 2.56157156e-02 7.11260853e-02\n",
      "  1.86069615e-01 4.67830555e-01 1.16220249e+00 1.83271427e+00]]\n",
      "> iteration: 15 delta: [0.01764503][[2.21699024e-05 6.90497616e-05 2.23384199e-04 5.57444145e-04\n",
      "  1.21162114e-03 2.15109290e-03 3.22927293e-03 3.96314732e-03]\n",
      " [6.90497616e-05 2.09508386e-04 5.71795637e-04 1.45330938e-03\n",
      "  2.98632792e-03 5.38899923e-03 8.03452766e-03 9.97756175e-03]\n",
      " [2.23384199e-04 5.71795637e-04 1.63351179e-03 3.86135916e-03\n",
      "  8.19248600e-03 1.46520765e-02 2.24756789e-02 2.82254076e-02]\n",
      " [5.57444145e-04 1.45330938e-03 3.86135916e-03 9.46433080e-03\n",
      "  1.99494002e-02 3.71069274e-02 5.85132292e-02 7.58809654e-02]\n",
      " [1.21162114e-03 2.98632792e-03 8.19248600e-03 1.99494002e-02\n",
      "  4.38925146e-02 8.48028663e-02 1.41922274e-01 1.93536205e-01]\n",
      " [2.15109290e-03 5.38899923e-03 1.46520765e-02 3.71069274e-02\n",
      "  8.48028663e-02 1.75616427e-01 3.19879030e-01 4.78496099e-01]\n",
      " [3.22927293e-03 8.03452766e-03 2.24756789e-02 5.85132292e-02\n",
      "  1.41922274e-01 3.19879030e-01 6.62737122e-01 1.17553431e+00]\n",
      " [3.96314732e-03 9.97756175e-03 2.82254076e-02 7.58809654e-02\n",
      "  1.93536205e-01 4.78496099e-01 1.17553431e+00 1.84771254e+00]]\n",
      "> iteration: 16 delta: [0.01499828][[4.10488488e-05 1.17925256e-04 3.19876592e-04 7.75295745e-04\n",
      "  1.55395937e-03 2.69572190e-03 3.91005918e-03 4.75495410e-03]\n",
      " [1.17925256e-04 2.88380429e-04 7.91935594e-04 1.79480854e-03\n",
      "  3.65544354e-03 6.26040563e-03 9.24109037e-03 1.12951450e-02]\n",
      " [3.19876592e-04 7.91935594e-04 1.99491966e-03 4.66731854e-03\n",
      "  9.32606185e-03 1.64619206e-02 2.46206792e-02 3.07259131e-02]\n",
      " [7.75295745e-04 1.79480854e-03 4.66731854e-03 1.07148417e-02\n",
      "  2.21976582e-02 4.00314537e-02 6.24118152e-02 8.01350566e-02]\n",
      " [1.55395937e-03 3.65544354e-03 9.32606185e-03 2.21976582e-02\n",
      "  4.71385199e-02 8.96710821e-02 1.47764549e-01 2.00212997e-01]\n",
      " [2.69572190e-03 6.26040563e-03 1.64619206e-02 4.00314537e-02\n",
      "  8.96710821e-02 1.82106853e-01 3.28223682e-01 4.87675269e-01]\n",
      " [3.91005918e-03 9.24109037e-03 2.46206792e-02 6.24118152e-02\n",
      "  1.47764549e-01 3.28223682e-01 6.72936001e-01 1.18700802e+00]\n",
      " [4.75495410e-03 1.12951450e-02 3.07259131e-02 8.01350566e-02\n",
      "  2.00212997e-01 4.87675269e-01 1.18700802e+00 1.86046108e+00]]\n",
      "> iteration: 17 delta: [0.01274854][[7.15383472e-05 1.72627003e-04 4.51132467e-04 9.99886557e-04\n",
      "  1.95309463e-03 3.24453287e-03 4.63541075e-03 5.56090028e-03]\n",
      " [1.72627003e-04 4.09437382e-04 9.89546674e-04 2.22524852e-03\n",
      "  4.26042796e-03 7.21218969e-03 1.03694150e-02 1.26038481e-02]\n",
      " [4.51132467e-04 9.89546674e-04 2.45666436e-03 5.36189214e-03\n",
      "  1.05710267e-02 1.80536851e-02 2.67391663e-02 3.30247786e-02]\n",
      " [9.99886557e-04 2.22524852e-03 5.36189214e-03 1.20892396e-02\n",
      "  2.41224474e-02 4.29170571e-02 6.58241412e-02 8.40343009e-02]\n",
      " [1.95309463e-03 4.26042796e-03 1.05710267e-02 2.41224474e-02\n",
      "  5.03409331e-02 9.38343096e-02 1.53116905e-01 2.06052271e-01]\n",
      " [3.24453287e-03 7.21218969e-03 1.80536851e-02 4.29170571e-02\n",
      "  9.38343096e-02 1.88052644e-01 3.35358601e-01 4.95701992e-01]\n",
      " [4.63541075e-03 1.03694150e-02 2.67391663e-02 6.58241412e-02\n",
      "  1.53116905e-01 3.35358601e-01 6.81854264e-01 1.19681808e+00]\n",
      " [5.56090028e-03 1.26038481e-02 3.30247786e-02 8.40343009e-02\n",
      "  2.06052271e-01 4.95701992e-01 1.19681808e+00 1.87136109e+00]]\n",
      "> iteration: 18 delta: [0.01090001][[1.09874408e-04 2.48565420e-04 5.87968358e-04 1.26660649e-03\n",
      "  2.35303695e-03 3.83517628e-03 5.35730826e-03 6.38123836e-03]\n",
      " [2.48565420e-04 5.22978155e-04 1.24705861e-03 2.61264450e-03\n",
      "  4.94135090e-03 8.08381371e-03 1.15178883e-02 1.38507619e-02]\n",
      " [5.87968358e-04 1.24705861e-03 2.85814747e-03 6.15199031e-03\n",
      "  1.16546518e-02 1.96738740e-02 2.86362045e-02 3.51904711e-02]\n",
      " [1.26660649e-03 2.61264450e-03 6.15199031e-03 1.32679528e-02\n",
      "  2.60816077e-02 4.54127812e-02 6.90316716e-02 8.75104857e-02]\n",
      " [2.35303695e-03 4.94135090e-03 1.16546518e-02 2.60816077e-02\n",
      "  5.30805406e-02 9.77461963e-02 1.57740598e-01 2.11253730e-01]\n",
      " [3.83517628e-03 8.08381371e-03 1.96738740e-02 4.54127812e-02\n",
      "  9.77461963e-02 1.93136810e-01 3.41713306e-01 5.02634463e-01]\n",
      " [5.35730826e-03 1.15178883e-02 2.86362045e-02 6.90316716e-02\n",
      "  1.57740598e-01 3.41713306e-01 6.89479508e-01 1.20529047e+00]\n",
      " [6.38123836e-03 1.38507619e-02 3.51904711e-02 8.75104857e-02\n",
      "  2.11253730e-01 5.02634463e-01 1.20529047e+00 1.88068063e+00]]\n",
      "> iteration: 19 delta: [0.00931954][[1.61297923e-04 3.30611927e-04 7.53794748e-04 1.53455767e-03\n",
      "  2.78913839e-03 4.41660042e-03 6.09561253e-03 7.19337306e-03]\n",
      " [3.30611927e-04 6.73030815e-04 1.48089116e-03 3.06157642e-03\n",
      "  5.55843307e-03 8.99286513e-03 1.25838199e-02 1.50615810e-02]\n",
      " [7.53794748e-04 1.48089116e-03 3.32957201e-03 6.83851423e-03\n",
      "  1.27909852e-02 2.11021765e-02 3.04681286e-02 3.71672827e-02]\n",
      " [1.53455767e-03 3.06157642e-03 6.83851423e-03 1.45051191e-02\n",
      "  2.77685835e-02 4.78200036e-02 7.18425155e-02 9.06719307e-02]\n",
      " [2.78913839e-03 5.55843307e-03 1.27909852e-02 2.77685835e-02\n",
      "  5.57225118e-02 1.01108414e-01 1.61942603e-01 2.15806337e-01]\n",
      " [4.41660042e-03 8.99286513e-03 2.11021765e-02 4.78200036e-02\n",
      "  1.01108414e-01 1.97756776e-01 3.47173060e-01 5.08700694e-01]\n",
      " [6.09561253e-03 1.25838199e-02 3.04681286e-02 7.18425155e-02\n",
      "  1.61942603e-01 3.47173060e-01 6.96151700e-01 1.21256914e+00]\n",
      " [7.19337306e-03 1.50615810e-02 3.71672827e-02 9.06719307e-02\n",
      "  2.15806337e-01 5.08700694e-01 1.21256914e+00 1.88868700e+00]]\n",
      "> iteration: 20 delta: [0.00800637][[2.21359432e-04 4.31715468e-04 9.22467488e-04 1.83129013e-03\n",
      "  3.21721415e-03 5.01619871e-03 6.81511633e-03 7.99738641e-03]\n",
      " [4.31715468e-04 8.15176388e-04 1.75904415e-03 3.46778913e-03\n",
      "  6.21777715e-03 9.82373173e-03 1.36390921e-02 1.62013627e-02]\n",
      " [9.22467488e-04 1.75904415e-03 3.74373242e-03 7.57963186e-03\n",
      "  1.37852341e-02 2.25161961e-02 3.21065538e-02 3.90080077e-02]\n",
      " [1.83129013e-03 3.46778913e-03 7.57963186e-03 1.55731940e-02\n",
      "  2.94386894e-02 4.99098802e-02 7.44531000e-02 9.34848149e-02]\n",
      " [3.21721415e-03 6.21777715e-03 1.37852341e-02 2.94386894e-02\n",
      "  5.79946489e-02 1.04229426e-01 1.65584324e-01 2.19852352e-01]\n",
      " [5.01619871e-03 9.82373173e-03 2.25161961e-02 4.99098802e-02\n",
      "  1.04229426e-01 2.01726663e-01 3.52024149e-01 5.13956077e-01]\n",
      " [6.81511633e-03 1.36390921e-02 3.21065538e-02 7.44531000e-02\n",
      "  1.65584324e-01 3.52024149e-01 7.01883990e-01 1.21887442e+00]\n",
      " [7.99738641e-03 1.62013627e-02 3.90080077e-02 9.34848149e-02\n",
      "  2.19852352e-01 5.13956077e-01 1.21887442e+00 1.89556526e+00]]\n",
      "> iteration: 21 delta: [0.00687827][[2.93883705e-04 5.37911725e-04 1.11251638e-03 2.12372120e-03\n",
      "  3.66355803e-03 5.59625871e-03 7.53025355e-03 8.77753167e-03]\n",
      " [5.37911725e-04 9.85841828e-04 2.01356222e-03 3.91224224e-03\n",
      "  6.81614306e-03 1.06625844e-02 1.46130220e-02 1.72903160e-02]\n",
      " [1.11251638e-03 2.01356222e-03 4.20240420e-03 8.22823867e-03\n",
      "  1.47942663e-02 2.37657150e-02 3.36636891e-02 4.06801663e-02]\n",
      " [2.12372120e-03 3.91224224e-03 8.22823867e-03 1.66582446e-02\n",
      "  3.08841654e-02 5.18934177e-02 7.67442538e-02 9.60296118e-02]\n",
      " [3.66355803e-03 6.81614306e-03 1.47942663e-02 3.08841654e-02\n",
      "  6.01506521e-02 1.06923491e-01 1.68875781e-01 2.23397453e-01]\n",
      " [5.59625871e-03 1.06625844e-02 2.37657150e-02 5.18934177e-02\n",
      "  1.06923491e-01 2.05314109e-01 3.56208987e-01 5.18559074e-01]\n",
      " [7.53025355e-03 1.46130220e-02 3.36636891e-02 7.67442538e-02\n",
      "  1.68875781e-01 3.56208987e-01 7.06904356e-01 1.22431294e+00]\n",
      " [8.77753167e-03 1.72903160e-02 4.06801663e-02 9.60296118e-02\n",
      "  2.23397453e-01 5.18559074e-01 1.22431294e+00 1.90149786e+00]]\n",
      "> iteration: 22 delta: [0.00593259][[3.74307943e-04 6.59284568e-04 1.30223509e-03 2.43270851e-03\n",
      "  4.09492822e-03 6.17684731e-03 8.21633984e-03 9.53451741e-03]\n",
      " [6.59284568e-04 1.14816328e-03 2.29792605e-03 4.31587466e-03\n",
      "  7.43234646e-03 1.14280062e-02 1.55580397e-02 1.83062331e-02]\n",
      " [1.30223509e-03 2.29792605e-03 4.60881040e-03 8.90261039e-03\n",
      "  1.56812090e-02 2.49781404e-02 3.50557104e-02 4.22243512e-02]\n",
      " [2.43270851e-03 4.31587466e-03 8.90261039e-03 1.76005818e-02\n",
      "  3.22867306e-02 5.36214657e-02 7.88540624e-02 9.82915840e-02]\n",
      " [4.09492822e-03 7.43234646e-03 1.56812090e-02 3.22867306e-02\n",
      "  6.20134454e-02 1.09402641e-01 1.71736692e-01 2.26543932e-01]\n",
      " [6.17684731e-03 1.14280062e-02 2.49781404e-02 5.36214657e-02\n",
      "  1.09402641e-01 2.08409615e-01 3.59921997e-01 5.22557653e-01]\n",
      " [8.21633984e-03 1.55580397e-02 3.50557104e-02 7.88540624e-02\n",
      "  1.71736692e-01 3.59921997e-01 7.11234869e-01 1.22903670e+00]\n",
      " [9.53451741e-03 1.83062331e-02 4.22243512e-02 9.82915840e-02\n",
      "  2.26543932e-01 5.22557653e-01 1.22903670e+00 1.90661486e+00]]\n",
      "> iteration: 23 delta: [0.005117][[4.65116630e-04 7.83897948e-04 1.50573470e-03 2.73279296e-03\n",
      "  4.53078686e-03 6.73112736e-03 8.88429246e-03 1.02581117e-02]\n",
      " [7.83897948e-04 1.33074478e-03 2.55939377e-03 4.73975807e-03\n",
      "  7.99200407e-03 1.21827091e-02 1.64264151e-02 1.92652068e-02]\n",
      " [1.50573470e-03 2.55939377e-03 5.04024140e-03 9.49645706e-03\n",
      "  1.65599613e-02 2.60519380e-02 3.63632836e-02 4.36225227e-02]\n",
      " [2.73279296e-03 4.73975807e-03 9.49645706e-03 1.85352035e-02\n",
      "  3.35062579e-02 5.52423542e-02 8.07087266e-02 1.00330634e-01]\n",
      " [4.53078686e-03 7.99200407e-03 1.65599613e-02 3.35062579e-02\n",
      "  6.37602172e-02 1.11550774e-01 1.74312592e-01 2.29304219e-01]\n",
      " [6.73112736e-03 1.21827091e-02 2.60519380e-02 5.52423542e-02\n",
      "  1.11550774e-01 2.11196087e-01 3.63136236e-01 5.26063564e-01]\n",
      " [8.88429246e-03 1.64264151e-02 3.63632836e-02 8.07087266e-02\n",
      "  1.74312592e-01 3.63136236e-01 7.15031414e-01 1.23312492e+00]\n",
      " [1.02581117e-02 1.92652068e-02 4.36225227e-02 1.00330634e-01\n",
      "  2.29304219e-01 5.26063564e-01 1.23312492e+00 1.91104320e+00]]\n",
      "> iteration: 24 delta: [0.00442834][[5.62056560e-04 9.19236162e-04 1.70590936e-03 3.03954133e-03\n",
      "  4.94701003e-03 7.27400606e-03 9.51748801e-03 1.09497876e-02]\n",
      " [9.19236162e-04 1.50448127e-03 2.83870776e-03 5.12564577e-03\n",
      "  8.55297345e-03 1.28703340e-02 1.72564857e-02 2.01537577e-02]\n",
      " [1.70590936e-03 2.83870776e-03 5.42513288e-03 1.00969119e-02\n",
      "  1.73354978e-02 2.70783694e-02 3.75321606e-02 4.49058706e-02]\n",
      " [3.03954133e-03 5.12564577e-03 1.00969119e-02 1.93512217e-02\n",
      "  3.46719906e-02 5.66589817e-02 8.24059945e-02 1.02142373e-01]\n",
      " [4.94701003e-03 8.55297345e-03 1.73354978e-02 3.46719906e-02\n",
